{
 "cells": [
  {
   "cell_type": "code",
   "execution_count": 1,
   "id": "48237d38",
   "metadata": {},
   "outputs": [],
   "source": [
    "import sys\n",
    "import os\n",
    "sys.path.append(os.path.abspath(\"..\"))\n",
    "\n",
    "import pandas as pd\n",
    "\n",
    "from src.data.market_loader import MarketLoader\n",
    "from src.data.synthetic_sofr_builder import build_term_sofr_curve\n",
    "\n",
    "from src.term_structure.curve_merger import merge_curves\n",
    "from src.term_structure.bootstrapping import (\n",
    "    build_coupon_structure,\n",
    "    bootstrap_dfs_from_sofr,\n",
    "    bootstrap_dfs_from_treasury\n",
    ")\n",
    "from src.term_structure.curve_interpolator import log_linear_curve_interpolator\n",
    "from src.term_structure.curve_builder import build_zero_curve\n"
   ]
  },
  {
   "cell_type": "code",
   "execution_count": 2,
   "id": "1692337a",
   "metadata": {},
   "outputs": [
    {
     "name": "stdout",
     "output_type": "stream",
     "text": [
      "treasury curve dataset already downloaded..\n",
      "sofr curve dataset already downloaded..\n",
      "futures curve dataset already downloaded..\n"
     ]
    }
   ],
   "source": [
    "### Curve Builder\n",
    "# downloading market curves\n",
    "loader = MarketLoader()\n",
    "curves = loader.loader_pipeline()\n",
    "\n",
    "# building synthetic sofr curve from ON rates and futures\n",
    "sofr_curve = build_term_sofr_curve(curves = curves)\n",
    "\n",
    "# bootstrapping discount factors from sofr curve\n",
    "df_sofr = bootstrap_dfs_from_sofr(\n",
    "    sofr_curve = sofr_curve\n",
    ")\n",
    "\n",
    "# extracting treasury curve \n",
    "treasury_curve = curves['treasury']\n",
    "\n",
    "# bootstrapping discount factors from treasury curve\n",
    "df_treasury = bootstrap_dfs_from_treasury(\n",
    "    treasury_curve = treasury_curve,\n",
    "    short_dfs = df_sofr\n",
    ")\n",
    "\n",
    "# concatenating short-end and long-end into a single curve -> full curve\n",
    "df_full_curve = merge_curves(\n",
    "    short_curve = df_sofr,\n",
    "    long_curve = df_treasury\n",
    ")\n",
    "\n",
    "# constructing semi-annual coupon structure\n",
    "coupon_structure = build_coupon_structure(\n",
    "    max_year = 30,\n",
    "    freq = 2\n",
    ")\n",
    "\n",
    "# log-linear discount curve interpolation\n",
    "df_loglinear_interp = log_linear_curve_interpolator(\n",
    "    df_curve = df_full_curve,\n",
    "    _target_times = coupon_structure\n",
    ")\n",
    "\n",
    "# building zero curve from log-linear discount curve\n",
    "zero_curve_full = build_zero_curve(\n",
    "    df_curve = df_loglinear_interp\n",
    ")"
   ]
  },
  {
   "cell_type": "code",
   "execution_count": 3,
   "id": "63f8a6bf",
   "metadata": {},
   "outputs": [
    {
     "data": {
      "text/html": [
       "<div>\n",
       "<style scoped>\n",
       "    .dataframe tbody tr th:only-of-type {\n",
       "        vertical-align: middle;\n",
       "    }\n",
       "\n",
       "    .dataframe tbody tr th {\n",
       "        vertical-align: top;\n",
       "    }\n",
       "\n",
       "    .dataframe thead th {\n",
       "        text-align: right;\n",
       "    }\n",
       "</style>\n",
       "<table border=\"1\" class=\"dataframe\">\n",
       "  <thead>\n",
       "    <tr style=\"text-align: right;\">\n",
       "      <th></th>\n",
       "      <th>1.0</th>\n",
       "      <th>2.0</th>\n",
       "      <th>3.0</th>\n",
       "      <th>5.0</th>\n",
       "      <th>7.0</th>\n",
       "      <th>10.0</th>\n",
       "      <th>20.0</th>\n",
       "      <th>30.0</th>\n",
       "    </tr>\n",
       "  </thead>\n",
       "  <tbody>\n",
       "    <tr>\n",
       "      <th>2018-04-03</th>\n",
       "      <td>0.020802</td>\n",
       "      <td>0.022699</td>\n",
       "      <td>0.024494</td>\n",
       "      <td>0.025930</td>\n",
       "      <td>0.027055</td>\n",
       "      <td>0.027900</td>\n",
       "      <td>0.029826</td>\n",
       "      <td>0.030468</td>\n",
       "    </tr>\n",
       "    <tr>\n",
       "      <th>2018-04-04</th>\n",
       "      <td>0.020604</td>\n",
       "      <td>0.022701</td>\n",
       "      <td>0.024552</td>\n",
       "      <td>0.026032</td>\n",
       "      <td>0.027096</td>\n",
       "      <td>0.027894</td>\n",
       "      <td>0.029913</td>\n",
       "      <td>0.030586</td>\n",
       "    </tr>\n",
       "    <tr>\n",
       "      <th>2018-04-05</th>\n",
       "      <td>0.020603</td>\n",
       "      <td>0.022901</td>\n",
       "      <td>0.024807</td>\n",
       "      <td>0.026333</td>\n",
       "      <td>0.027458</td>\n",
       "      <td>0.028301</td>\n",
       "      <td>0.030319</td>\n",
       "      <td>0.030991</td>\n",
       "    </tr>\n",
       "    <tr>\n",
       "      <th>2018-04-06</th>\n",
       "      <td>0.020505</td>\n",
       "      <td>0.022602</td>\n",
       "      <td>0.024339</td>\n",
       "      <td>0.025730</td>\n",
       "      <td>0.026856</td>\n",
       "      <td>0.027700</td>\n",
       "      <td>0.029715</td>\n",
       "      <td>0.030386</td>\n",
       "    </tr>\n",
       "    <tr>\n",
       "      <th>2018-04-09</th>\n",
       "      <td>0.020702</td>\n",
       "      <td>0.022799</td>\n",
       "      <td>0.024537</td>\n",
       "      <td>0.025928</td>\n",
       "      <td>0.026993</td>\n",
       "      <td>0.027792</td>\n",
       "      <td>0.029811</td>\n",
       "      <td>0.030484</td>\n",
       "    </tr>\n",
       "    <tr>\n",
       "      <th>...</th>\n",
       "      <td>...</td>\n",
       "      <td>...</td>\n",
       "      <td>...</td>\n",
       "      <td>...</td>\n",
       "      <td>...</td>\n",
       "      <td>...</td>\n",
       "      <td>...</td>\n",
       "      <td>...</td>\n",
       "    </tr>\n",
       "    <tr>\n",
       "      <th>2026-04-15</th>\n",
       "      <td>0.036671</td>\n",
       "      <td>0.037267</td>\n",
       "      <td>0.038056</td>\n",
       "      <td>0.038687</td>\n",
       "      <td>0.041116</td>\n",
       "      <td>0.042937</td>\n",
       "      <td>0.048664</td>\n",
       "      <td>0.050573</td>\n",
       "    </tr>\n",
       "    <tr>\n",
       "      <th>2026-04-16</th>\n",
       "      <td>0.036574</td>\n",
       "      <td>0.037469</td>\n",
       "      <td>0.038199</td>\n",
       "      <td>0.038784</td>\n",
       "      <td>0.041340</td>\n",
       "      <td>0.043257</td>\n",
       "      <td>0.049090</td>\n",
       "      <td>0.051034</td>\n",
       "    </tr>\n",
       "    <tr>\n",
       "      <th>2026-04-17</th>\n",
       "      <td>0.036080</td>\n",
       "      <td>0.036777</td>\n",
       "      <td>0.037508</td>\n",
       "      <td>0.038094</td>\n",
       "      <td>0.040710</td>\n",
       "      <td>0.042673</td>\n",
       "      <td>0.048585</td>\n",
       "      <td>0.050556</td>\n",
       "    </tr>\n",
       "    <tr>\n",
       "      <th>2026-04-20</th>\n",
       "      <td>0.036176</td>\n",
       "      <td>0.036874</td>\n",
       "      <td>0.037663</td>\n",
       "      <td>0.038294</td>\n",
       "      <td>0.040784</td>\n",
       "      <td>0.042651</td>\n",
       "      <td>0.048573</td>\n",
       "      <td>0.050546</td>\n",
       "    </tr>\n",
       "    <tr>\n",
       "      <th>2026-04-21</th>\n",
       "      <td>0.036572</td>\n",
       "      <td>0.037468</td>\n",
       "      <td>0.038199</td>\n",
       "      <td>0.038783</td>\n",
       "      <td>0.041213</td>\n",
       "      <td>0.043035</td>\n",
       "      <td>0.048661</td>\n",
       "      <td>0.050537</td>\n",
       "    </tr>\n",
       "  </tbody>\n",
       "</table>\n",
       "<p>2101 rows × 8 columns</p>\n",
       "</div>"
      ],
      "text/plain": [
       "                1.0       2.0       3.0       5.0       7.0       10.0  \\\n",
       "2018-04-03  0.020802  0.022699  0.024494  0.025930  0.027055  0.027900   \n",
       "2018-04-04  0.020604  0.022701  0.024552  0.026032  0.027096  0.027894   \n",
       "2018-04-05  0.020603  0.022901  0.024807  0.026333  0.027458  0.028301   \n",
       "2018-04-06  0.020505  0.022602  0.024339  0.025730  0.026856  0.027700   \n",
       "2018-04-09  0.020702  0.022799  0.024537  0.025928  0.026993  0.027792   \n",
       "...              ...       ...       ...       ...       ...       ...   \n",
       "2026-04-15  0.036671  0.037267  0.038056  0.038687  0.041116  0.042937   \n",
       "2026-04-16  0.036574  0.037469  0.038199  0.038784  0.041340  0.043257   \n",
       "2026-04-17  0.036080  0.036777  0.037508  0.038094  0.040710  0.042673   \n",
       "2026-04-20  0.036176  0.036874  0.037663  0.038294  0.040784  0.042651   \n",
       "2026-04-21  0.036572  0.037468  0.038199  0.038783  0.041213  0.043035   \n",
       "\n",
       "                20.0      30.0  \n",
       "2018-04-03  0.029826  0.030468  \n",
       "2018-04-04  0.029913  0.030586  \n",
       "2018-04-05  0.030319  0.030991  \n",
       "2018-04-06  0.029715  0.030386  \n",
       "2018-04-09  0.029811  0.030484  \n",
       "...              ...       ...  \n",
       "2026-04-15  0.048664  0.050573  \n",
       "2026-04-16  0.049090  0.051034  \n",
       "2026-04-17  0.048585  0.050556  \n",
       "2026-04-20  0.048573  0.050546  \n",
       "2026-04-21  0.048661  0.050537  \n",
       "\n",
       "[2101 rows x 8 columns]"
      ]
     },
     "execution_count": 3,
     "metadata": {},
     "output_type": "execute_result"
    }
   ],
   "source": [
    "\n",
    "key_tenors =  [1, 2, 3, 5, 7, 10, 20, 30]\n",
    "zero_curve = zero_curve_full[key_tenors]\n",
    "zero_curve"
   ]
  },
  {
   "cell_type": "code",
   "execution_count": 4,
   "id": "b7e899dc",
   "metadata": {},
   "outputs": [],
   "source": [
    "import numpy as np\n",
    "\n",
    "delta_yields = zero_curve.diff().dropna() # type: ignore\n",
    "mean_changes = delta_yields.mean()\n",
    "centered_delta_yields = delta_yields - mean_changes\n",
    "cov_matrix = centered_delta_yields.cov()\n",
    "eigen_vals, eigen_vecs = np.linalg.eigh(cov_matrix)\n"
   ]
  },
  {
   "cell_type": "code",
   "execution_count": 5,
   "id": "57102929",
   "metadata": {},
   "outputs": [
    {
     "data": {
      "text/plain": [
       "array([-1.90427687e-22, -4.11831925e-23,  2.28288557e-22,  6.54027291e-09,\n",
       "        2.07547454e-08,  5.23754702e-08,  2.96062657e-07,  1.93625541e-06])"
      ]
     },
     "execution_count": 5,
     "metadata": {},
     "output_type": "execute_result"
    }
   ],
   "source": [
    "eigen_vals"
   ]
  },
  {
   "cell_type": "code",
   "execution_count": 6,
   "id": "786da337",
   "metadata": {},
   "outputs": [
    {
     "data": {
      "text/plain": [
       "array([[-2.21652912e-15, -6.24640388e-16, -2.27478879e-15,\n",
       "         2.88107176e-02, -4.06755750e-01, -7.75865484e-01,\n",
       "         4.20733679e-01, -2.33956459e-01],\n",
       "       [-4.49187381e-02, -3.18895676e-01, -1.75545696e-01,\n",
       "        -2.81971478e-01,  6.72764813e-01, -9.47369218e-03,\n",
       "         4.53905951e-01, -3.56694256e-01],\n",
       "       [ 1.01067161e-01,  7.17515271e-01,  3.94977815e-01,\n",
       "         1.91508359e-01,  1.43902665e-01,  1.96548657e-01,\n",
       "         2.75057341e-01, -3.83768739e-01],\n",
       "       [ 1.19099606e-01, -5.15677784e-01,  6.58548135e-02,\n",
       "         5.70292229e-01, -2.79187053e-01,  3.61366537e-01,\n",
       "         1.31978454e-01, -4.05428326e-01],\n",
       "       [-4.08912067e-01,  2.73135774e-01, -6.65669510e-01,\n",
       "        -1.42255179e-01, -2.91522880e-01,  2.30382917e-01,\n",
       "        -6.44858109e-02, -3.90659750e-01],\n",
       "       [ 5.43972109e-02, -1.77479944e-01,  4.59108210e-01,\n",
       "        -6.76665735e-01, -3.00774750e-01,  1.32145201e-01,\n",
       "        -2.11834009e-01, -3.79583318e-01],\n",
       "       [ 7.17067309e-01,  8.56094370e-02, -3.14902532e-01,\n",
       "         4.03170790e-02,  1.45569405e-01, -2.16965854e-01,\n",
       "        -4.46565526e-01, -3.31679098e-01],\n",
       "       [-5.37800482e-01, -6.42070778e-02,  2.36176899e-01,\n",
       "         2.79311350e-01,  2.94350790e-01, -3.33336206e-01,\n",
       "        -5.24809365e-01, -3.15711025e-01]])"
      ]
     },
     "execution_count": 6,
     "metadata": {},
     "output_type": "execute_result"
    }
   ],
   "source": [
    "eigen_vecs"
   ]
  },
  {
   "cell_type": "code",
   "execution_count": 7,
   "id": "3267fdca",
   "metadata": {},
   "outputs": [
    {
     "data": {
      "text/plain": [
       "array([-0.23395646, -0.35669426, -0.38376874, -0.40542833, -0.39065975,\n",
       "       -0.37958332, -0.3316791 , -0.31571102])"
      ]
     },
     "execution_count": 7,
     "metadata": {},
     "output_type": "execute_result"
    }
   ],
   "source": [
    "eigen_vecs[:, 7]"
   ]
  },
  {
   "cell_type": "code",
   "execution_count": 8,
   "id": "dc5cc23a",
   "metadata": {},
   "outputs": [
    {
     "data": {
      "text/plain": [
       "array([ 0.42073368,  0.45390595,  0.27505734,  0.13197845, -0.06448581,\n",
       "       -0.21183401, -0.44656553, -0.52480936])"
      ]
     },
     "execution_count": 8,
     "metadata": {},
     "output_type": "execute_result"
    }
   ],
   "source": [
    "eigen_vecs[:, 6]"
   ]
  },
  {
   "cell_type": "code",
   "execution_count": 9,
   "id": "00cfad5c",
   "metadata": {},
   "outputs": [
    {
     "data": {
      "text/plain": [
       "array([ 1.93625541e-06,  2.96062657e-07,  5.23754702e-08,  2.07547454e-08,\n",
       "        6.54027291e-09,  2.28288557e-22, -4.11831925e-23, -1.90427687e-22])"
      ]
     },
     "execution_count": 9,
     "metadata": {},
     "output_type": "execute_result"
    }
   ],
   "source": [
    "idx = np.argsort(eigen_vals)[::-1]\n",
    "eigen_vals[idx]"
   ]
  },
  {
   "cell_type": "code",
   "execution_count": 10,
   "id": "7957a379",
   "metadata": {},
   "outputs": [
    {
     "data": {
      "text/plain": [
       "array([[-2.33956459e-01,  4.20733679e-01, -7.75865484e-01,\n",
       "        -4.06755750e-01,  2.88107176e-02, -2.27478879e-15,\n",
       "        -6.24640388e-16, -2.21652912e-15],\n",
       "       [-3.56694256e-01,  4.53905951e-01, -9.47369218e-03,\n",
       "         6.72764813e-01, -2.81971478e-01, -1.75545696e-01,\n",
       "        -3.18895676e-01, -4.49187381e-02],\n",
       "       [-3.83768739e-01,  2.75057341e-01,  1.96548657e-01,\n",
       "         1.43902665e-01,  1.91508359e-01,  3.94977815e-01,\n",
       "         7.17515271e-01,  1.01067161e-01],\n",
       "       [-4.05428326e-01,  1.31978454e-01,  3.61366537e-01,\n",
       "        -2.79187053e-01,  5.70292229e-01,  6.58548135e-02,\n",
       "        -5.15677784e-01,  1.19099606e-01],\n",
       "       [-3.90659750e-01, -6.44858109e-02,  2.30382917e-01,\n",
       "        -2.91522880e-01, -1.42255179e-01, -6.65669510e-01,\n",
       "         2.73135774e-01, -4.08912067e-01],\n",
       "       [-3.79583318e-01, -2.11834009e-01,  1.32145201e-01,\n",
       "        -3.00774750e-01, -6.76665735e-01,  4.59108210e-01,\n",
       "        -1.77479944e-01,  5.43972109e-02],\n",
       "       [-3.31679098e-01, -4.46565526e-01, -2.16965854e-01,\n",
       "         1.45569405e-01,  4.03170790e-02, -3.14902532e-01,\n",
       "         8.56094370e-02,  7.17067309e-01],\n",
       "       [-3.15711025e-01, -5.24809365e-01, -3.33336206e-01,\n",
       "         2.94350790e-01,  2.79311350e-01,  2.36176899e-01,\n",
       "        -6.42070778e-02, -5.37800482e-01]])"
      ]
     },
     "execution_count": 10,
     "metadata": {},
     "output_type": "execute_result"
    }
   ],
   "source": [
    "eigen_vecs[:, idx]"
   ]
  },
  {
   "cell_type": "code",
   "execution_count": 11,
   "id": "10cfa594",
   "metadata": {},
   "outputs": [
    {
     "data": {
      "text/plain": [
       "array([1.93625541e-06, 2.96062657e-07, 5.23754702e-08])"
      ]
     },
     "execution_count": 11,
     "metadata": {},
     "output_type": "execute_result"
    }
   ],
   "source": [
    "eigen_vals = eigen_vals[idx]\n",
    "eigen_vals[:3]"
   ]
  },
  {
   "cell_type": "code",
   "execution_count": 12,
   "id": "d990ebf9",
   "metadata": {},
   "outputs": [
    {
     "data": {
      "text/plain": [
       "array([[-0.23395646,  0.42073368, -0.77586548],\n",
       "       [-0.35669426,  0.45390595, -0.00947369],\n",
       "       [-0.38376874,  0.27505734,  0.19654866],\n",
       "       [-0.40542833,  0.13197845,  0.36136654],\n",
       "       [-0.39065975, -0.06448581,  0.23038292],\n",
       "       [-0.37958332, -0.21183401,  0.1321452 ],\n",
       "       [-0.3316791 , -0.44656553, -0.21696585],\n",
       "       [-0.31571102, -0.52480936, -0.33333621]])"
      ]
     },
     "execution_count": 12,
     "metadata": {},
     "output_type": "execute_result"
    }
   ],
   "source": [
    "eigen_vecs_temp = eigen_vecs[:, idx]\n",
    "eigen_vecs_temp[:, :3]"
   ]
  }
 ],
 "metadata": {
  "kernelspec": {
   "display_name": ".venv (3.14.0)",
   "language": "python",
   "name": "python3"
  },
  "language_info": {
   "codemirror_mode": {
    "name": "ipython",
    "version": 3
   },
   "file_extension": ".py",
   "mimetype": "text/x-python",
   "name": "python",
   "nbconvert_exporter": "python",
   "pygments_lexer": "ipython3",
   "version": "3.14.0"
  }
 },
 "nbformat": 4,
 "nbformat_minor": 5
}
